20 
3 1 4 1 1 
10 2 7 6 6 
0 0 2 1 1 
0 1 0 0 0 
2 5 4 3 2 
2 0 0 1 1 
0 0 0 0 0 
5 0 9 5 8 
0 0 2 1 1 
0 0 0 0 0 
6 3 8 9 5 
2 0 0 1 1 
0 0 0 0 0 
7 9 0 10 3 
0 0 2 1 1 
0 0 0 0 0 
3 5 3 10 7 
2 0 0 1 1 
0 0 0 0 0 
5 9 4 4 5 
0 0 2 1 1 
0 0 0 0 0 
3 6 10 4 5 
2 0 0 1 1 
0 0 0 0 0 
10 3 8 4 6 
0 0 2 1 1 
0 0 0 0 0 
3 3 1 7 5 
2 0 0 1 1 
0 0 0 0 0 
9 0 5 6 1 
1 0 1 1 1 
0 0 0 0 0 
1 3 6 5 3 
1 0 1 1 1 
0 0 0 0 0 
0 2 9 5 9 
1 0 1 1 1 
0 0 0 0 0 
5 10 3 5 3 
1 0 1 1 1 
0 0 0 0 0 
0 0 9 3 3 
1 0 1 1 1 
0 0 0 0 0 
6 4 2 9 1 
1 0 1 1 1 
0 0 0 0 0 
10 0 6 0 9 
1 0 1 1 1 
0 0 0 0 0 
3 5 10 10 3 
2 0 1 0 1 
0 0 0 0 0 
8 5 7 6 7 
0 0 1 2 1 
0 0 0 0 0 
10 6 3 9 7 
2 0 1 0 1 
0 0 0 0 0 
